# unix_time, cycles_done, cur_path, paths_total, pending_total, pending_favs, map_size, unique_crashes, unique_hangs, max_depth, execs_per_sec
1670214514, 0, 0, 1, 1, 1, 0.06%, 0, 0, 1, 142.86
1670214520, 0, 1, 4, 3, 3, 0.08%, 0, 0, 2, 243.13
1670214525, 0, 2, 4, 2, 2, 0.08%, 0, 0, 2, 267.16
1670214535, 0, 3, 4, 1, 1, 0.08%, 0, 0, 2, 273.17
1670214540, 2, 0, 4, 0, 0, 0.08%, 0, 0, 2, 275.22
1670214545, 2, 2, 4, 0, 0, 0.08%, 0, 0, 2, 273.29
1670214550, 3, 1, 4, 0, 0, 0.08%, 0, 0, 2, 272.85
1670214555, 3, 3, 4, 0, 0, 0.08%, 0, 0, 2, 271.42
1670214560, 4, 2, 4, 0, 0, 0.08%, 0, 0, 2, 269.96
1670214565, 5, 1, 4, 0, 0, 0.08%, 0, 0, 2, 274.45
1670214570, 6, 0, 4, 0, 0, 0.08%, 0, 0, 2, 275.80
1670214575, 6, 3, 4, 0, 0, 0.08%, 0, 0, 2, 276.31
1670214580, 7, 2, 4, 0, 0, 0.08%, 0, 0, 2, 275.20
1670214585, 8, 1, 4, 0, 0, 0.08%, 0, 0, 2, 269.41
1670214590, 8, 3, 4, 0, 0, 0.08%, 0, 0, 2, 267.39
1670214595, 9, 2, 4, 0, 0, 0.08%, 0, 0, 2, 273.00
1670214601, 10, 1, 4, 0, 0, 0.08%, 0, 0, 2, 274.14
1670214606, 10, 3, 4, 0, 0, 0.08%, 0, 0, 2, 273.52
1670214611, 11, 2, 4, 0, 0, 0.08%, 0, 0, 2, 273.12
1670214616, 12, 1, 4, 0, 0, 0.08%, 0, 0, 2, 257.48
1670214621, 12, 3, 4, 0, 0, 0.08%, 0, 0, 2, 266.29
1670214626, 13, 2, 4, 0, 0, 0.08%, 0, 0, 2, 271.40
1670214631, 14, 1, 4, 0, 0, 0.08%, 0, 0, 2, 274.67
1670214636, 15, 0, 4, 0, 0, 0.08%, 0, 0, 2, 272.07
1670214642, 15, 2, 4, 0, 0, 0.08%, 0, 0, 2, 265.63
1670214647, 16, 1, 4, 0, 0, 0.08%, 0, 0, 2, 268.72
1670214652, 17, 0, 4, 0, 0, 0.08%, 0, 0, 2, 270.87
1670214657, 17, 3, 4, 0, 0, 0.08%, 0, 0, 2, 275.90
1670214662, 18, 2, 4, 0, 0, 0.08%, 0, 0, 2, 277.42
1670214667, 19, 1, 4, 0, 0, 0.08%, 0, 0, 2, 273.56
1670214672, 19, 3, 4, 0, 0, 0.08%, 0, 0, 2, 274.69
1670214677, 20, 2, 4, 0, 0, 0.08%, 0, 0, 2, 272.55
1670214682, 21, 0, 4, 0, 0, 0.08%, 0, 0, 2, 273.30
1670214687, 21, 3, 4, 0, 0, 0.08%, 0, 0, 2, 275.65
1670214693, 22, 2, 4, 0, 0, 0.08%, 0, 0, 2, 276.96
1670214698, 23, 1, 4, 0, 0, 0.08%, 0, 0, 2, 276.27
1670214703, 24, 0, 5, 1, 0, 0.10%, 0, 0, 2, 271.25
1670214708, 24, 4, 5, 1, 1, 0.10%, 0, 1, 2, 64.47
1670214729, 24, 4, 5, 1, 1, 0.10%, 0, 3, 2, 14.26
1670214734, 24, 4, 7, 3, 1, 0.11%, 4, 3, 3, 120.35
1670214739, 24, 4, 9, 5, 1, 0.11%, 4, 3, 3, 222.93
